{
 "cells": [
  {
   "cell_type": "markdown",
   "metadata": {},
   "source": [
    "**TRABALHO 2 - MDOF**"
   ]
  },
  {
   "cell_type": "code",
   "execution_count": 2,
   "metadata": {},
   "outputs": [],
   "source": [
    "import numpy as np\n",
    "import matplotlib.pyplot as plt\n",
    "import scipy.linalg as sc"
   ]
  },
  {
   "cell_type": "code",
   "execution_count": 21,
   "metadata": {},
   "outputs": [],
   "source": [
    "# Flexibility coefficients in m/N\n",
    "H = np.array([[3.286,4.161,4.322,4.447,4.565,4.683,4.8,4.917,5.035,5.152,5.27],\n",
    "[4.161,8.402,9.551,10.09,10.57,11.04,11.52,11.99,12.47,12.94,13.41],\n",
    "[4.322,9.551,14.27,16.03,17.16,18.24,19.31,20.37,21.44,22.51,23.58],\n",
    "[4.447,10.09,16.03,21.6,24.19,26.15,28.06,29.96,31.86,33.76,35.66],\n",
    "[4.565,10.57,17.16,24.19,30.84,34.49,37.52,40.49,43.46,46.43,49.4],\n",
    "[4.683,11.04,18.24,26.15,34.49,42.43,47.4,51.73,56.01,60.29,64.56],\n",
    "[4.8,11.52,19.31,28.06,37.52,47.4,56.88,63.39,69.27,75.09,80.91],\n",
    "[4.917,11.99,20.37,29.96,40.49,51.73,63.39,74.66,82.94,90.6,98.2],\n",
    "[5.035,12.47,21.44,31.86,43.46,56.01,69.27,82.94,96.23,106.5,116.2],\n",
    "[5.152,12.94,22.51,33.76,46.43,60.29,75.09,90.6,106.5,122.1,134.6],\n",
    "[5.27,13.41,23.58,35.66,49.4,64.56,80.91,98.2,116.2,134.6,152.8]])*1e-8\n"
   ]
  },
  {
   "cell_type": "code",
   "execution_count": 22,
   "metadata": {},
   "outputs": [],
   "source": [
    "# Stiffness coefficients in N/m\n",
    "K = np.linalg.inv(H)"
   ]
  },
  {
   "cell_type": "code",
   "execution_count": 23,
   "metadata": {},
   "outputs": [],
   "source": [
    "# Lumped mass matrix in kg\n",
    "M = np.array([[18000,0,0,0,0,0,0,0,0,0,0],   \n",
    " [0,18000,0,0,0,0,0,0,0,0,0], \n",
    " [0,0,18000,0,0,0,0,0,0,0,0], \n",
    " [0,0,0,18000,0,0,0,0,0,0,0],   \n",
    " [0,0,0,0,18000,0,0,0,0,0,0],  \n",
    " [0,0,0,0,0,18000,0,0,0,0,0],  \n",
    " [0,0,0,0,0,0,18000,0,0,0,0],  \n",
    " [0,0,0,0,0,0,0,18000,0,0,0],  \n",
    " [0,0,0,0,0,0,0,0,18000,0,0], \n",
    " [0,0,0,0,0,0,0,0,0,18000,0],  \n",
    " [0,0,0,0,0,0,0,0,0,0,9000]])"
   ]
  },
  {
   "cell_type": "code",
   "execution_count": 27,
   "metadata": {
    "scrolled": true
   },
   "outputs": [
    {
     "name": "stdout",
     "output_type": "stream",
     "text": [
      "[ 0.53775481  1.90619645  3.80843449  5.6324416   7.56893381  9.4937943\n",
      " 11.40424733 13.19309205 14.69362845 15.96572403 16.96664368]\n",
      "-----------------\n",
      "[[ 0.02591008 -0.13573328 -0.23994096  0.31038995 -0.36397671 -0.38310177\n",
      "  -0.37690752  0.35761499 -0.31424151  0.25618757  0.16171481]\n",
      " [ 0.06255394 -0.2714195  -0.40700827  0.38743456 -0.2724605  -0.07735355\n",
      "   0.11782809 -0.28554707  0.36918831 -0.38364206 -0.2731797 ]\n",
      " [ 0.10509682 -0.36500842 -0.38789129  0.11413878  0.19830085  0.39142892\n",
      "   0.32564797 -0.09225103 -0.18685953  0.38698344  0.35381419]\n",
      " [ 0.15265397 -0.40516512 -0.19927121 -0.2587629   0.38930981  0.09920284\n",
      "  -0.28375353  0.37376414 -0.11595254 -0.26695671 -0.40203106]\n",
      " [ 0.20353177 -0.38385572  0.07414538 -0.40964327  0.02819191 -0.38323393\n",
      "  -0.19245434 -0.27415413  0.34190181  0.06073459  0.42353367]\n",
      " [ 0.25617812 -0.30207451  0.30496913 -0.2024062  -0.37689505 -0.11314413\n",
      "   0.37231322 -0.10529056 -0.3571234   0.16688399 -0.41389952]\n",
      " [ 0.30913681 -0.17076779  0.38610583  0.17611166 -0.2637953   0.37829563\n",
      "   0.00581078  0.36206461  0.13893141 -0.34868186  0.36479787]\n",
      " [ 0.36104725 -0.00715636  0.27999338  0.39222278  0.2086288   0.1452726\n",
      "  -0.38592156 -0.24269909  0.17081386  0.41979368 -0.28247283]\n",
      " [ 0.41072699  0.16585367  0.03261101  0.25377132  0.37847689 -0.36019795\n",
      "   0.17001012 -0.14863609 -0.39408049 -0.37572117  0.18826118]\n",
      " [ 0.45728203  0.32621612 -0.24633394 -0.1271337   0.00120261 -0.15276413\n",
      "   0.30244061  0.4074156   0.40126175  0.25505254 -0.10006847]\n",
      " [ 0.50029041  0.45693166 -0.44596225 -0.44651301 -0.45077275  0.45522595\n",
      "  -0.46097268 -0.42195276 -0.32766915 -0.17493346  0.05822181]]\n"
     ]
    }
   ],
   "source": [
    "# Uses scipy to solve the standard eigenvalue problem\n",
    "w, Phi = sc.eig(K, M)\n",
    "\n",
    "# Ensure ascending order of eigenvalues\n",
    "iw   = w.argsort()\n",
    "w  = w[iw]\n",
    "Phi = Phi[:,iw]\n",
    "\n",
    "# Eigenvalues to vibration frequencies\n",
    "wk  = np.sqrt(np.real(w)) \n",
    "fk  = wk/2/np.pi\n",
    "\n",
    "print(fk) #Autovalores\n",
    "print(\"-----------------\")\n",
    "print(Phi) #Autovetores"
   ]
  },
  {
   "cell_type": "code",
   "execution_count": 13,
   "metadata": {},
   "outputs": [],
   "source": [
    "import pickle as pk\n",
    "\n",
    "with open('data/sample_KM.pk', 'wb') as target:\n",
    "    pk.dump((K, M), target)"
   ]
  },
  {
   "cell_type": "code",
   "execution_count": null,
   "metadata": {},
   "outputs": [],
   "source": []
  }
 ],
 "metadata": {
  "kernelspec": {
   "display_name": "Python 3",
   "language": "python",
   "name": "python3"
  },
  "language_info": {
   "codemirror_mode": {
    "name": "ipython",
    "version": 3
   },
   "file_extension": ".py",
   "mimetype": "text/x-python",
   "name": "python",
   "nbconvert_exporter": "python",
   "pygments_lexer": "ipython3",
   "version": "3.7.1"
  }
 },
 "nbformat": 4,
 "nbformat_minor": 2
}
